7201
6986
6573
5994
7320
7182
7016
6755
6828
6702
6684
6357
7045
7264
6496
6673
7072
6664
6621
6107
6566
6440
6594
6424
6024
7358
5942
6702
6348
6195
6342
6888
7518
7010
7314
6717
6866
6591
6699
7085
6835
6504
6569
6779
6258
7191
7101
6284
6673
6141
5872
6429
5826
6782
7336
6708
7157
7008
5976
7134
6430
6572
6468
6694
7148
6078
6556
6377
6601
6853
6989
6865
6681
7471
5946
6281
6353
6486
5965
6097
6911
6344
6356
6961
6583
6523
6176
6749
6231
6755
6132
6887
6481
6659
6013
6266
6489
6791
6690
6953
6626
6606
6672
6596
6625
6782
5976
7090
7276
6721
6847
6221
6046
6909
6916
6441
6666
5723
6317
5915
6633
6178
6745
7108
6700
6252
6357
6514
6866
6345
6902
6946
6525
7137
7240
6320
6612
7156
7105
6400
6961
6554
6568
6640
6868
6914
6539
7790
6473
6812
6296
5677
6285
6461
6910
6910
6791
6484
6505
6690
6595
7187
6941
6534
6314
6323
6799
6692
6606
6606
6282
6387
6423
6761
6969
7659
6258
7278
7605
6816
6846
7131
6815
6879
6881
6739
6801
6824
6711
6885
7494
6314
6938
6473
6246
6916
6988
6222
6471
6427
6941
7164
7172
6867
7158
6794
7163
6923
6865
7333
6742
7083
7036
7033
7296
6492
6358
6913
6273
6785
6322
7023
6909
7312
6548
6533
6686
6509
5780
7049
6568
6486
7185
6699
6438
7005
6897
6732
7142
6700
6610
6590
6841
7163
5718
7105
6694
6911
7105
6916
7002
6501
6580
6833
7308
6651
6495
6975
6680
6958
6598
6265
7131
6736
7280
6141
7608
7056
7187
6813
6627
6991
7036
6933
6580
6688
6544
6069
6650
6655
6459
6868
6517
7286
6453
7289
7036
5857
6208
7079
6356
7507
7345
6608
6380
6678
6521
7404
7304
6516
6596
6679
6251
6552
6799
6925
6442
6529
6663
6917
6546
6495
6646
5926
6770
7219
6402
6429
7050
6358
7117
6706
7055
6368
6585
6988
7165
7076
6642
7263
5686
7545
7119
6452
6424
7065
6548
7682
6605
6576
5942
6450
6021
6948
7449
7182
6170
6429
6978
6865
6241
7313
6061
6482
6700
6294
6457
6974
5884
7040
7338
6579
6277
7098
7628
6199
6851
6439
7511
6705
6623
7234
6193
7333
6465
6627
6612
7823
7228
6781
7020
7041
7472
6107
7042
6561
5949
6072
6274
6557
6562
6162
6909
6636
6507
7103
6399
7143
6629
6330
6459
7239
6526
6515
6971
6305
6566
6921
5985
6304
7498
5426
5964
5942
6057
5872
6575
6785
6034
6513
6747
7148
7445
6803
6670
6753
6839
6706
6267
6591
6420
7280
6857
6824
6631
6433
6517
6536
6674
6589
6939
7052
6735
6442
6523
6885
6359
6722
6860
7140
6764
6120
6565
6992
7404
6187
7338
7176
6782
5550
7186
7033
6855
6751
6443
6497
6672
6612
6515
6699
6611
6682
6997
6934
6880
7001
6417
6877
6916
6332
7154
6769
7360
6099
6541
6919
6840
6149
7243
7163
6534
6778
6614
6974
6930
7476
7522
6596
6726
6330
6898
7062
6923
7041
6441
7300
6594
6996
6647
6855
6711
7009
7632
5655
5768
6726
7363
7336
7101
6474
6996
6442
6910
6922
6869
5948
7197
6847
6991
6567
6839
6833
6651
6479
7049
6627
6616
6889
6945
6364
6331
6944
6730
6670
6645
6915
6415
6848
6334
6974
6247
6764
6912
6083
6166
6569
6734
6778
6742
6384
7088
6924
7108
6698
6722
6528
6902
6392
6741
5975
6556
7194
7406
6300
6741
6333
5873
6974
7080
6868
6924
6182
6683
6830
6694
6654
6817
7088
6049
6423
7092
6769
6740
6733
6473
6211
6481
6719
6605
6741
6494
6503
6222
6771
6293
6615
6962
6947
7319
6666
6486
7191
6940
7217
6064
6886
6578
6162
6489
7392
6399
6272
6443
6763
6585
6650
6747
7023
6788
6661
6296
7173
6348
6927
6763
6617
7082
6448
7111
6465
6753
5843
7107
7292
6520
6306
6986
6411
6555
7170
6839
6860
6669
6786
6957
6409
6736
6092
6958
7515
6943
7162
7142
6983
6563
6786
6649
6539
6537
6763
6480
6946
6920
6847
6088
6562
7729
6448
6072
6991
6598
7112
6300
7153
6904
6784
6281
6653
7171
6726
7102
6675
7137
6320
7032
6561
6351
6706
5801
6730
6254
6811
6938
6086
6537
7258
7165
6704
7022
6603
6803
7176
6737
6383
6567
7018
6379
6326
7055
7335
6197
6315
7139
6118
6344
6100
6511
6382
6498
6998
6368
6563
7058
6376
7545
7024
7354
7311
7501
6367
6728
6797
6684
6553
6973
7222
6235
7083
6658
6646
7476
7443
6641
6838
6631
7229
6642
6512
6840
5958
6812
6423
6357
7120
6894
7650
7230
7298
6692
6116
6786
6587
6811
6575
6141
6935
7123
6340
6727
7004
6737
8019
7308
7315
6606
6033
7538
6892
6953
6877
6310
6673
6517
6385
6308
6760
6597
6548
6320
7273
6702
7205
6535
6632
6424
6503
6420
7351
6656
7178
6930
7023
7202
7333
6692
7047
6942
6469
7434
6992
6526
6651
6039
6866
7026
6606
6955
6474
7833
6966
6990
6357
6492
5407
5600
6941
7116
6853
6648
6702
7190
6876
6144
6766
6516
6456
7102
7136
7091
7048
6384
7309
7005
5943
6260
6713
6892
6482
6482
7382
6289
6798
6868
6930
6732
6966
7185
7205
6872
6815
6714
6811
6670
6349
7029
7155
6149
6377
6327
6861
7130
7216
6786
6440
7647
6524
6865
6769
7138
7436
6515
7132
6677
7153
7256
6807
6952
6035
6748
6705
6218
5875
6476
6261
6929
6533
6201
6681
6673
6404
6136
6700
6603
6957
6721
7054
6811
6026
6390
6891
7068
6448
6664
6837
6293
7031
6499
7090
6631
6747
6385
7782
6805
6300
7053
6529
7049
6811
7134
6722
7072
6189
6811
6296
7391
7212
6965
7522
6949
6179
6758
7034
6762
6527
6528
6720
7376
6440
7155
6284
6555
6674
6636
7228
7037
6541
6468
6571
7488
6925
6428
7077
6970
6965
6379
6071
6656
6565
6734
6248
6953
6746
6732
6654
7104
7150
6331
7125
6742
5656
6781
6863
7267
6570
6411
6649
6867
7054
5821
6895
6423
6669
7484
7341
7438
6297
6883
6058
6304
6486
6405
6804
5943
6366
6623
6679
6387
6214
6038
7564
6442
6804
6554
6349
6753
6786
6843
6777
7569
6341
7296
6433
7012
6886
7350
6651
7063
6673
7340
6501
6531
7171
5997
6795
7550
6811
6412
6936
6791
6794
6902
6853
6347
6595
6428
6797
7006
6740
7722
6891
6259
6695
6343
6663
6661
7110
6415
6956
7229
6769
6947
6856
7035
5927
6781
6932
6843
7856
6975
6629
6923
7016
7295
5862
5752
7035
7054
7055
7514
7048
6320
7059
6384
5912
6461
6571
6283
6770
6316
6249
6510
6351
7333
6710
6929
6707
7050
6474
6658
7151
7116
6460
6891
7613
6623
6447
6205
6541
7016
6188
7000
6635
7040
6176
6425
7451
6275
7172
6012
6897
6152
6510
6398
6799
6340
6413
6185
6671
6525
6898
6802
7658
7363
6326
6744
7168
6216
7488
7429
5776
7579
5855
7324
6463
6440
7139
6443
6783
6753
6935
7027
6179
6981
6333
6863
6660
7179
6627
6778
7239
7181
6615
6528
7323
6484
7691
6601
6579
6970
7094
6911
6964
7444
6838
6749
7160
6677
6536
6625
6349
6673
7061
6912
6427
6974
6696
6593
7384
7528
6839
6829
6853
6332
6699
6948
6326
6237
6514
6253
7492
6798
6290
6998
6632
6099
6938
6975
6636
6605
7429
6980
6753
6700
7023
7534
7028
7259
7271
6372
7103
7448
6987
6950
6349
6712
6715
7358
6842
7445
6480
6682
7013
7111
7115
6735
7016
6910
6562
6657
7052
6745
7054
7118
7716
6345
6582
6017
6577
6459
6214
6905
6493
6155
5952
6337
6483
7138
6831
7445
7618
6945
6619
6891
7110
6491
6832
6586
6264
6550
7238
6648
6882
6862
6849
6966
6709
6810
7169
6612
7068
7275
6976
6828
7557
6504
6309
6611
6952
7021
6632
6507
6834
6901
6467
6725
6393
6687
6935
7354
6521
6553
7228
6713
6796
7020
6880
6390
6480
6892
6987
7020
7542
6054
6666
6246
7248
6710
5875
8255
6883
7050
7857
6625
6956
6833
7028
6804
7029
7387
6941
7048
6844
6817
6672
7136
6608
7103
6861
6467
7521
6216
6995
7336
7728
7072
6694
7105
6447
6954
7181
6911
7013
6645
7286
7202
6320
7479
7574
6979
6954
7264
6569
6731
6936
7231
7523
6465
7025
5974
7797
7169
6422
7045
7236
7034
5782
7089
6796
7039
7071
7683
6318
6940
6035
6644
6276
7536
6913
6456
6877
6100
6884
6711
6570
6939
6167
6911
8222
6503
6409
6809
6594
6287
6618
7372
6359
6954
6465
7095
6211
6107
6542
6977
7103
7114
6391
7217
7694
6744
6973
7199
6201
6681
5907
8040
7416
5819
6631
6574
6911
7585
7096
6436
7357
6524
6529
6876
6917
6791
7041
6351
6706
6922
6603
7257
6474
6070
6651
6064
7179
6828
7230
6468
7463
7556
6384
6704
7235
6987
6989
6015
5737
6535
6777
7069
7028
6831
7343
7096
6686
7011
7117
7640
6411
7476
6736
7064
7682
6920
6604
6656
7039
6443
6375
6647
6832
6979
6518
6366
6599
5800
7154
6226
6180
6131
6736
6496
6799
6700
6694
6308
6854
6518
6391
7414
6569
6850
6792
7354
6943
7086
6375
6340
7081
6702
7415
6968
6868
6725
6728
6149
6404
6708
6636
6852
6912
6759
7101
6723
6919
7367
7614
7206
7113
7105
6565
6528
6968
6422
7405
6629
5628
7205
6726
6872
6906
7345
6611
6502
6570
6445
7090
6782
6998
7170
6576
7074
6579
7241
7082
6903
6223
7276
6431
6691
6654
6578
6747
6645
6784
6769
7212
7218
6656
6854
5691
6898
6534
6832
6634
7313
7067
6596
7426
6856
7229
6463
6996
6124
6523
6674
7587
6818
6710
6205
6245
6586
6666
6801
7073
7304
6386
6620
6974
7028
7003
6146
6664
7471
7096
6809
6867
7175
6555
6289
6643
6633
5832
7068
6622
5856
6447
6053
7274
6825
7101
6690
6759
6992
6463
6566
6964
7278
6244
6213
6760
6832
6332
7166
6019
6675
7102
6907
6489
5962
6341
6923
6824
6592
6348
7286
6952
6538
6834
7538
6761
6438
7313
6420
7309
6826
6927
6302
6659
7081
7095
6385
6412
6964
6989
7792
7430
7109
6672
6870
6913
6653
6901
6419
6642
6786
6227
7026
6528
6166
6163
6280
6398
7086
6110
6878
6491
6777
7326
6475
6164
6419
6527
6443
6965
6034
6493
6817
6640
6998
7021
7052
7101
6452
6595
6793
6820
6799
7286
6436
6741
7097
7331
7047
6256
6973
6841
6533
6502
6438
6142
6648
6915
6783
7771
7495
6787
7256
7886
6819
6773
7377
6869
6751
7066
6769
6334
6679
7453
6587
6229
7120
7024
6707
7013
7326
7398
7637
5991
7345
8010
5915
6826
6375
7136
6664
6573
6860
6365
6524
6094
7169
7201
6717
7310
6486
6516
6018
7095
6973
6928
6595
6955
7313
6939
6878
6108
6693
6940
6890
6794
7160
6840
6686
7060
7111
6362
6346
6705
6920
6988
6542
6344
6481
7302
6922
6518
6371
6853
7191
6851
6592
7226
6455
6856
6462
6928
6839
6862
7109
6764
6414
7170
6662
6951
6050
6507
6756
7167
6905
6564
7291
5813
7221
6309
6329
6881
6226
6554
6845
6518
6327
7130
6303
7099
5975
7048
6409
6513
7164
6527
6731
7151
6967
6693
7031
7028
6871
6461
6502
6417
6805
6612
6402
6277
6684
6590
6416
7004
7266
6207
6632
6899
6627
6947
6193
6057
7036
6735
7220
6040
7343
6247
6672
6702
6281
6434
6662
6739
6673
6433
6859
7400
6300
6403
7201
7103
6462
7074
6656
7251
6631
7069
6811
6868
6794
6873
6785
6839
7163
7169
6030
7564
6782
7466
6284
7264
6856
6754
6056
7093
6595
6620
5955
7105
7127
6971
6283
7074
5970
6979
7381
6724
6750
6679
6890
6495
6867
6120
5923
6087
6848
6056
6167
7221
6709
6044
7250
6491
7072
6447
6749
6520
6422
7188
6438
5750
6297
6586
6470
6438
7102
7353
5982
6593
6992
6928
6238
6358
6657
5690
5434
6517
6876
7204
7283
6626
6835
6843
6702
6882
6489
7178
7558
7556
6557
7321
6837
6888
6781
7110
6951
7229
6071
6377
6744
6743
6859
6717
6590
6701
6812
7043
6470
6630
6276
6573
6473
7181
6909
7058
6634
7154
6839
6317
7504
6793
6336
6468
6796
6781
6491
6948
7110
6424
6912
6902
6251
7316
6434
6058
6952
6835
6838
6334
6427
6080
6193
6749
6277
7103
6129
7027
7087
5899
6498
6028
6951
6987
6837
7098
6533
7166
6663
6725
5975
7148
6821
6880
7087
6694
7155
6594
5757
6955
6581
7228
6424
6808
6386
6776
6346
6002
6924
6961
6398
6241
7006
7457
6935
6224
6855
7239
7140
5820
7004
5847
7226
6273
6069
7007
6587
7298
5867
6895
7526
6566
7006
6894
6941
6076
5695
6597
6832
7040
7229
6648
6443
7595
7030
6994
6799
6536
6682
6512
6764
5881
5770
7025
6662
6294
6669
6649
6986
6514
7327
7038
6790
6473
6266
6274
6789
6429
6571
6167
6670
6070
6649
6153
6680
6504
6534
6602
6082
6648
6398
6659
6837
6238
6336
6606
6519
6032
6972
6071
7512
7402
6398
7292
5741
6734
7100
6697
7327
6254
6827
6139
7052
7097
6573
7091
7038
7565
6655
7552
6288
6839
7372
6651
6570
6885
6827
6328
6607
6549
6748
6741
6753
6859
7434
6033
7580
6933
7987
6909
7048
6358
6395
6873
6055
6365
6332
6511
5733
6919
6705
5948
6808
6898
6619
6540
6499
5957
7176
7574
7456
6986
6638
6592
6692
7424
6728
7009
6767
6876
7307
6819
6566
6546
6680
6303
6350
5961
7032
7158
6297
6755
6420
6591
6581
5759
7116
6282
6200
6773
6795
6673
7285
6622
6704
7013
6936
6920
7179
6758
6319
7192
7015
7178
6295
5918
6606
6440
7128
7200
6546
6186
6335
6937
6598
7366
6208
6742
7000
7595
6913
6520
7019
6540
6713
7503
7273
6796
6633
6397
7161
6775
6019
7015
6876
6643
6262
6787
7329
6618
6145
6522
7151
6507
6798
6547
6786
7558
6317
6984
6478
6509
6876
6543
6463
7139
7087
7063
6949
7052
7412
6491
6124
6965
6232
7017
6673
7487
7000
6315
6528
7120
6826
7097
6602
6354
6780
6533
6976
7081
6330
6719
6796
6433
6354
6321
6714
6371
6817
7516
7312
7410
6056
6172
7219
7039
7162
6408
6735
7074
6730
5848
6645
7415
6983
7058
6697
6811
6416
7546
5733
6952
6094
7142
7378
7442
6161
6399
7014
6498
6477
6453
7871
7129
6138
6512
6479
6165
7579
6889
6826
6615
6534
6672
7386
6878
6515
6818
6816
6487
6017
7858
6502
7093
6273
6616
6678
7237
6567
6973
6715
6681
6570
6665
6693
6761
7186
7488
6953
6309
5966
6871
6676
7333
7360
6790
7617
6597
6591
7004
6446
6826
6752
6852
6852
6825
7045
6960
6379
6460
6730
6989
7796
6723
6391
6831
6364
6765
7161
6686
6680
6675
7076
7092
6400
6052
6216
7012
6459
6732
7160
6637
6752
6274
6909
6720
6125
6370
6686
7159
6547
6344
7209
6849
6555
6395
6439
7060
6695
6661
6719
6382
5666
7161
5978
6474
6383
6683
6964
6290
6616
6562
7054
7612
7120
7241
6391
6298
6618
6434
7200
7017
6778
6479
7088
6373
7200
7064
6723
7290
5954
6353
6924
6760
7320
6955
6617
6829
6621
7214
7415
7043
6669
6155
7646
7046
6133
6482
6860
7153
7467
6798
7415
7415
6433
6494
7270
7050
7130
6909
5603
6874
6676
5873
6542
7052
7154
6682
7207
7215
6529
6586
6600
7043
6406
7119
6062
6209
6757
6273
6971
7282
7125
6693
6230
6695
6758
6733
5983
7120
6146
6382
7226
7025
7040
6509
6589
6404
7136
6757
7059
6560
7172
6712
6553
6592
7011
6960
7389
6672
7265
6274
6786
7082
7235
6604
6981
7176
6808
6465
6755
6878
7476
6625
6795
6425
5766
6886
6905
6898
6702
7186
5919
6336
6728
6520
6908
6421
6539
6547
6594
7329
5588
6437
7331
5969
6857
6688
6569
6531
7723
7089
6554
6540
6425
6764
6816
6257
5853
7117
6664
6411
6581
6902
6793
6413
6459
6429
6848
7077
6360
6304
7411
6600
6624
7132
7122
6641
6663
7038
6767
7165
6371
7009
7144
6709
6454
6209
6489
6380
6962
6796
6912
6648
6274
6746
6703
6798
6541
6908
6524
6575
7132
6556
6746
6883
6938
6276
6779
6769
6464
6212
6655
6281
6734
6343
6823
6800
7055
6961
6446
6749
6800
7017
6422
6365
6994
6942
6962
6793
6359
6913
6420
7380
6734
7154
7436
7284
6044
6586
6513
6460
6050
7170
6611
5754
6561
6912
6719
6468
6132
6829
6784
6976
6538
6843
6689
6717
6548
6728
6886
6658
6163
6483
5911
7314
6826
6545
6964
6356
6864
7504
6357
5956
6491
6586
6940
6976
6783
6177
6389
7538
6512
6464
7052
6075
7640
6733
6212
6199
6662
6287
6686
7025
6680
6433
7115
6844
6837
7735
6126
7113
6381
6988
6414
6347
6575
7020
6715
5808
6513
6735
6542
6367
6246
6702
5807
7716
7736
7051
6929
6886
7100
7469
5946
6495
6406
6436
7402
6585
6539
6154
6526
6910
7030
7027
6446
7940
7169
6891
6919
7093
7046
7378
7003
6762
6861
6464
6928
6745
7114
6559
6882
5729
7122
6335
6951
6859
6906
6912
6798
6383
6592
6883
7011
7369
5905
6322
7105
6242
6910
6934
6598
6699
7426
6172
6089
7476
6601
6854
6632
6960
6892
7018
6883
6529
6803
6882
7034
6582
6976
6466
6604
6727
7217
7467
7083
7044
7506
7109
6585
6206
6412
6834
7017
7214
7447
7462
6704
6802
6350
6244
6591
6384
6465
7066
7529
6625
7375
6057
6826
7192
6779
7268
6827
6715
7567
7286
6913
6119
7561
6557
6951
6754
6357
6136
6396
7344
7172
5968
6693
7129
7107
7513
5877
7026
7450
6921
6619
6805
6880
6523
6691
7202
6787
7687
6914
7266
5902
5768
6563
6640
5979
6008
6471
6993
7298
7305
7067
6701
7311
6592
6616
6241
7137
6875
6857
6964
7293
7380
6515
6515
7605
6294
7646
7314
6875
7326
6120
6741
7041
6469
6183
7161
6641
6624
6789
7022
7402
6942
7020
6794
6824
6832
7670
7509
6990
6991
6309
6265
6128
6926
5981
6652
6005
6984
6865
6367
6986
7003
6577
7006
6564
6164
6699
6466
6746
7249
7214
5856
6077
7005
7137
6876
6894
6918
7370
6606
7085
6952
7045
6411
6498
6673
7388
6737
6464
6758
6875
6284
6917
6372
6917
6315
6478
6513
7450
6285
7102
6813
7326
6610
6502
7351
6318
6638
6856
7281
7087
6677
6691
7215
6321
7343
6694
6573
6325
7148
6851
7401
7052
7365
6851
6557
6496
6813
6770
6389
6530
6967
6620
7155
7259
7008
6864
7134
7091
7172
6273
6600
6613
5886
5993
6765
7445
7672
7282
6789
7365
6813
7742
6889
7141
7093
7549
6346
7925
7227
6310
6491
6924
6623
6464
6116
7333
6565
7347
6270
7358
6401
6722
7054
7146
6643
6521
7469
7368
6957
5944
7477
6479
6433
7184
6925
7229
6501
7158
6623
6683
7030
6909
6339
6935
6934
6627
6470
6938
5775
7441
6607
6405
6372
6193
5652
6464
6758
6496
7359
6553
7382
7162
6383
7246
6943
6344
6824
6870
6823
7090
7371
6243
6353
6697
6955
6167
6768
7485
6259
8106
6813
6718
7062
6951
7114
6906
6873
7338
6639
7140
6467
6455
6594
6399
6812
7074
7178
6851
6494
6548
7204
6705
7007
6876
7276
7058
6942
7105
6334
6583
6272
7413
7140
7369
7251
6776
6411
5998
6523
6743
7916
6640
6666
6483
7040
7157
7106
6703
6438
6410
7390
6704
6735
6847
6422
7332
6053
6865
7121
6856
7025
6708
6283
6694
6650
6266
6064
7573
6225
8005
6535
5929
6694
6874
5697
6069
5871
7530
7354
6806
6374
6789
7065
7389
6200
6556
7458
7144
7128
7266
6138
7183
5955
7602
7774
6512
6422
6253
6653
6303
6246
7073
7503
6129
6237
5850
6757
6300
6481
6365
7144
6757
7280
5897
6029
6961
6190
6907
7400
6594
6718
6931
5408
7027
7132
7673
6696
6399
6175
6732
7198
7244
7380
6934
5910
6802
6355
6452
6633
6690
7178
7173
5879
6889
7359
7599
7181
6813
7291
7422
5939
6326
7184
6168
6197
6761
6408
6550
6995
7281
6574
6398
6827
6016
6174
7140
6395
7897
6749
7854
6258
6635
7316
6576
6666
7044
6350
7077
6394
5961
6701
6892
6294
6561
6680
6101
7153
7450
6580
6872
6326
5900
6549
6415
6727
5786
6445
6322
7390
6953
7691
6919
7385
6229
6615
6398
6951
7589
6959
6412
7150
6349
6905
8258
6975
6823
6280
7245
7281
7752
7098
6967
7139
6210
6343
6406
7267
6254
6600
6595
6755
7342
6153
7591
6914
6955
6843
6808
7287
6319
6806
7479
6198
6876
6968
6663
7292
6317
6450
7227
7218
6780
6350
7369
6517
6432
6388
7924
6955
6227
7829
7114
6331
7355
7760
6709
7062
5520
6843
7375
5745
6850
6393
6848
6316
7274
7025
6539
5949
7125
7005
6538
6837
5890
6317
6126
7063
6721
7137
6743
6560
7442
6523
6676
6435
6146
6179
6824
6847
7538
6898
6837
6735
5897
7781
7019
6238
6849
6652
7086
6534
6738
7973
7754
6045
6133
6130
7177
6470
6742
7839
6408
6000
6416
7036
6448
6142
6282
6711
5977
6783
7043
7526
7174
6150
7778
7107
6448
7577
6661
7317
6128
6765
5959
6683
6754
6521
6955
6857
7067
6090
6879
6800
5285
7191
6839
7330
6601
6454
6989
7399
7128
7727
6738
6856
7111
6344
6958
6833
6762
6651
6567
7025
6054
6760
6267
7078
7489
6777
6353
6706
6053
7187
6722
5752
7639
6446
6825
6456
6329
5673
6764
7727
6964
6070
6450
6823
6879
7056
6924
6882
7548
6561
6829
7145
5782
5989
7176
6553
6809
7865
7061
7231
7216
6976
6160
6097
6948
6934
6563
7345
6484
5705
7196
6183
7992
6766
6678
6095
6940
7217
7156
7491
7012
7422
6783
7160
7198
6485
6596
6981
7341
5917
6748
7395
6825
6859
6243
7965
6508
6978
7602
7640
6201
6609
6218
6505
6650
6092
6133
7041
6041
7534
7240
6708
6574
6871
6952
7726
7390
7510
7418
6991
6198
7931
6206
6481
7460
6877
7838
5897
6526
5686
7708
6787
6718
5878
7359
6264
7508
7546
6949
7592
7304
5767
7883
6763
6288
6971
6857
7306
6026
7183
7030
7734
6538
6654
7904
5722
7262
6880
6702
8312
6929
6009
6350
7433
6798
6723
6165
6777
6033
6764
7606
5711
6229
6649
6660
6784
6378
6038
6392
6971
6907
7752
7090
7737
7414
7408
5899
6218
6573
7512
6206
7188
7708
6639
6377
6123
6257
8185
7454
6885
7055
7376
6338
5803
7800
6631
7093
6782
7500
6611
7107
6967
7557
6784
6263
6946
6907
7603
6723
6986
7248
6968
6473
5735
7529
6882
7355
6596
6727
6744
6794
6824
7335
7126
6438
7167
7493
6734
6559
7120
6510
6522
6331
6670
6987
6826
6173
6995
6577
7639
7313
7646
5985
7648
6917
7443
7070
6716
6642
7071
5992
6019
7505
6741
5826
7431
6780
8093
6578
7158
6565
7571
6990
7585
6766
5666
7164
6598
5948
6762
7143
7700
6834
7508
6428
7918
7522
7445
7605
6620
6784
7687
5111
7134
6149
6638
6471
6003
7109
7346
6246
5355
7533
6463
7595
6725
7515
5898
7154
6887
6999
5781
6384
6327
6714
6901
7661
8542
5356
6256
6480
6333
6974
6303
7355
7339
6972
7549
6873
7579
6258
5689
6867
6960
5874
6649
8154
6995
5310
6273
6996
6168
6044
6494
7524
7327
7718
5536
5987
5745
7074
6982
7125
5541
7398
7981
6136
6849
7025
6100
6201
6788
6262
7095
5789
6145
5771
5185
6867
6497
7205
6142
6139
6300
6399
7580
6706
7018
5955
6243
6935
5857
6388
6894
6803
5387
5399
5329
7518
8083
7147
6616
7554
8022
5984
7956
5558
6927
6830
6495
6785
6530
5931
5593
6294
6334
5561
7428
6487
6930
6041
7144
6597
6776
5685
5128
5954
6816
6701
7054
7081
6624
6963
6993
6325
7408
6515
6556
7173
7375
7649
6087
5933
7099
7310
6298
7823
7270
6151
6556
6258
6046
7072
7046
6975
6484
7166
6610
6186
7480
6479
7356
7183
6282
6242
7255
6480
7032
6483
7211
8453
6778
7287
6232
7206
6562
5728
7282
7022
7855
6403
6354
6037
6674
5945
6741
7476
6826
5992
5715
7039
7241
5615
7206
7544
6546
7685
6028
5401
5531
7202
6862
6195
6583
7355
7408
7486
7388
6656
7146
6632
6426
6779
6171
5195
7544
6245
7506
7095
6523
6889
5571
7552
7093
6700
5841
6001
6817
8028
6199
5714
6658
6331
6694
7910
6911
6487
7454
6448
6676
7528
6466
5499
5722
5478
7384
6929
8188
7066
7674
5664
5982
7323
6916
7391
7425
6403
6731
6318
7511
6138
7345
6019
7557
6461
7535
7727
6572
6849
7167
8281
7406
6241
6605
6467
6936
6889
6034
6871
6197
5372
6464
6959
6293
6517
6245
6885
6482
6665
7337
6137
6610
6368
6201
7154
7294
6828
5482
7536
6529
7845
5590
6573
7287
6151
7511
6457
7077
7796
6530
8844
5099
7705
7441
7268
6769
7828
7021
7415
6180
6361
6068
7753
6274
7105
7995
6462
7765
6368
5932
5273
5745
6456
7982
5649
7513
6965
6953
5081
7398
6233
9227
7320
6077
4897
7224
6775
6659
7817
6619
7322
6700
6148
7360
6673
7256
7079
6540
6256
6516
6120
6922
7871
6237
7351
6263
7425
7622
6286
5238
6481
6175
6974
6177
6952
6386
6478
8062
5341
7887
7828
5932
6706
8194
6854
7130
8078
6052
6390
6289
6543
5082
6193
7459
7255
6938
7346
6691
5314
7889
5192
7545
6383
6449
7390
6913
6453
6180
6049
6820
8414
6598
6652
6197
8128
6287
8069
7863
6192
6582
6103
5090
7599
6928
6873
8894
5273
6717
8118
6093
6359
5760
6635
5605
7314
6031
6262
5510
7460
7853
6617
6383
7570
5917
6741
5122
6051
7455
