6806
7882
6600
7047
7162
6954
8282
7600
6941
7694
7633
7635
7468
7716
6706
6884
7473
6826
7043
6766
8279
6985
7509
8097
7169
7529
8077
7409
7916
7347
7197
7623
6920
7439
8087
6207
7288
7907
6988
7230
7584
7622
7020
7535
6954
7873
7890
7837
7352
7151
6828
7725
7887
8036
7727
6386
7502
7714
8038
7313
7073
7045
7400
7285
7372
7531
7371
7281
7743
6974
7479
7725
7633
7078
7698
7286
7989
7310
7643
7086
7177
7839
6670
7233
6841
8291
7911
7097
7311
7533
7331
7403
8095
8791
7551
6897
8015
7509
7673
7654
7395
7659
6908
6853
7734
7081
8129
7764
7246
7552
8098
7544
7736
7583
7024
7406
8023
7799
7043
7438
7743
7682
7653
7560
7348
7392
7607
8202
7858
7199
7269
7395
6880
7972
8015
7241
7471
8574
7831
7374
8454
7558
8244
7704
7446
7114
7917
7574
8106
6964
8601
7565
7713
7676
7225
7715
7802
7798
7633
7332
7860
8151
8261
7030
8233
7149
8204
7850
6895
8411
7057
7542
7679
8720
7341
7490
8252
7978
7482
8030
6535
6969
6907
7076
7455
7013
7761
7099
7810
7358
7274
7634
7750
6821
6827
7358
7572
7025
7694
7238
8087
7285
7201
7162
7549
8329
7102
7304
8232
7628
7248
8040
6767
7159
7709
8204
7678
7386
7417
7313
8436
7778
6836
7458
7602
7362
6943
6692
7101
7019
7739
7131
7072
7436
7073
6871
7519
6752
8330
7126
7435
6391
7633
7597
7729
7792
7967
6784
7049
7530
6832
7605
7877
7315
7275
7131
7569
7301
7936
7153
6687
6949
7936
7778
8260
7469
8082
7893
7514
8184
8077
6483
7236
7499
7358
7282
7366
7595
7791
7250
7187
7686
7905
6851
7355
7404
7316
8067
8035
6815
6604
7736
6639
8030
7337
7740
7035
7310
7421
7807
7079
7329
7369
7390
7430
8339
7220
7119
6757
7310
7070
7412
7362
7335
7260
7441
7623
8163
8051
7387
7407
7269
7492
7332
6395
7049
7274
7633
8276
8294
8191
7775
8439
7700
7622
7622
6586
7762
7670
7877
7256
8315
7589
7759
7794
6833
7844
7582
7829
7099
7247
7440
7661
7337
7194
7635
7448
7491
7745
6770
7627
7064
7125
8268
7620
7977
7959
7529
7616
8272
7516
7634
7065
6942
7845
7755
7238
7511
7633
7395
7078
7628
7399
7388
7352
7310
7230
7515
7135
7810
8137
7710
7430
7704
7237
7599
7617
7821
7245
8342
7155
7176
7168
7295
6924
7174
7708
7908
7538
7337
7514
7123
7477
8042
7685
7538
7039
7716
6870
7296
8207
7271
6897
7472
8044
7451
8094
7738
7487
7898
7559
7525
7407
7434
6851
8046
7019
7413
7730
6858
7033
7434
6995
7373
6725
6960
7991
6803
8085
6909
7221
7467
6887
7823
6917
7075
6962
7203
6929
7930
6791
8376
6859
8144
7062
7138
8402
7361
7113
7405
7997
6727
7100
7719
7454
6977
8248
8108
7428
6974
7531
7233
6890
7882
8039
7810
7235
7881
7896
7942
8309
7817
7866
7983
6942
7425
7289
6858
7658
7617
8376
7419
7335
7711
7245
7800
7893
8247
7824
7777
7770
7774
8560
6922
7162
7661
7365
7720
7459
7805
8398
7447
7782
7295
7591
7696
8008
7351
7177
7698
7674
7398
7751
7430
8056
7837
7681
7058
8001
7750
7153
8511
7894
7080
7114
7894
8286
7406
7513
7416
6612
7711
7066
8229
7456
7697
7723
8259
6939
8179
8238
7635
7817
7164
7945
7614
9064
7645
7402
7928
6934
7592
7771
7869
8402
7960
8121
7620
7294
7225
7801
7305
7496
8259
8098
6685
8295
7684
7335
7415
8976
7318
7585
7380
7171
6992
7756
7584
7779
7339
7605
8289
7788
7874
7164
7059
8263
8063
7428
7634
7728
7061
7785
7292
6895
8267
7447
7874
7669
7719
7618
7675
7130
7570
7272
6940
7663
7021
8019
7944
7299
7181
7293
6381
8006
7758
8158
7019
7149
7407
6939
7564
7634
7517
6493
7060
7237
8298
7976
7651
7767
7778
7563
7765
7500
7838
7982
7621
7171
7302
7996
8038
7967
7159
7860
7460
8071
7138
7660
7949
7295
8474
7722
6799
7484
7736
7186
7213
7477
8138
7642
7808
7141
7573
8086
7478
8736
7108
6962
7327
8234
8238
7572
7132
8024
6901
8085
8273
7140
7729
7260
7424
7922
8233
7604
8167
8237
7081
8294
7631
7580
7082
7728
7335
6792
7810
6762
7475
8090
7693
7516
7656
7048
7214
7723
7355
7795
8007
7772
7355
7169
7443
7526
7514
8150
6687
8220
7178
7286
7712
7806
7921
7006
7498
7637
7641
6968
6739
6826
7188
7185
7762
7308
7347
8043
7300
7541
7039
8041
7603
6594
7207
7392
7566
8439
7638
7704
8166
6807
7761
7540
7849
8021
7011
7660
7421
7206
7686
6897
7369
6842
6825
6449
7379
7177
7564
7760
8304
7199
8189
7747
7364
6938
7310
7464
6718
7119
7738
7489
7232
7627
7593
7560
6696
7101
7319
7507
8351
7712
7928
7202
7563
7287
6418
7256
7446
7278
7358
7520
6771
7370
7040
7181
7315
7315
7179
7185
7570
6612
8029
7169
7688
7614
6975
7549
6828
7807
7078
7461
7203
7501
7079
7097
7249
7575
7228
7258
7465
7021
6872
7425
8585
7224
7845
7818
7455
8115
7052
8360
7517
6959
8032
7856
8246
7474
7549
7679
7497
7105
7432
8433
7077
6779
7815
8169
7130
6588
7409
8350
7532
7513
7310
6761
7666
7013
7186
8117
7015
7635
7507
7830
7174
7216
7738
7057
7253
7371
7378
7853
6806
7724
7796
7287
7967
7968
8258
7323
7470
8100
8086
7454
7569
7473
7123
6727
7201
7247
7759
8376
8101
6913
6904
7699
7049
8243
7967
8093
7276
7046
7440
6691
7722
7675
8317
7407
7918
7419
8267
7270
8189
7646
8254
7535
6883
7726
7337
7488
8238
6992
7793
8032
7735
8015
7736
7258
7268
7902
8106
7039
7312
8146
7071
7255
7376
7926
7340
6863
6483
7861
7592
6530
7779
6899
7378
6942
7698
7772
6731
7191
7630
7391
7904
6540
6660
6968
7118
8143
6565
7431
6654
8149
7618
6445
7305
6490
7125
8050
7240
6879
7851
6738
7014
7016
7191
7691
7448
7515
7503
7712
7235
6786
7769
7152
7342
7676
7118
6265
7673
7441
7703
7757
7077
7413
6860
6906
7932
6880
7075
7405
7239
7174
7107
6854
6801
7163
7076
7042
7560
7214
7387
7141
8175
7890
7529
7582
7894
7691
7289
7245
7577
7949
7650
7117
7294
7440
7042
7260
6770
7265
7739
6857
6620
7407
7727
6937
7131
7341
7221
7469
7864
7532
7311
7809
7686
7240
7249
8241
7304
7592
7413
7932
7831
7378
7340
6602
7558
7260
8134
7669
7177
7264
8117
7508
7198
7537
8100
7521
7031
7756
7220
7080
7360
7749
7980
7547
7626
7482
7371
7553
7331
7271
7591
7456
6998
7486
7150
7624
7359
7822
6602
7399
8032
7734
6920
7526
7537
7554
7828
7466
7513
7650
7628
7636
7777
7193
7592
7479
7858
7614
7350
7214
6834
7294
7211
7707
7574
8145
8156
7483
7441
6960
7766
7016
7586
7389
7776
7609
7010
7559
7451
7676
8126
7493
7634
7710
8168
7155
7976
7472
8127
7373
7658
7279
7445
6903
8215
8040
7603
7544
6928
7249
7462
7096
7280
8027
8652
7148
7525
7610
7726
7672
7030
7763
7350
7210
7759
6872
7881
7714
6982
8234
7869
6821
7786
7092
7630
6786
6986
7870
8056
7821
7740
8088
7976
7706
6964
8394
7429
7923
6749
7404
7263
6718
7159
7602
7520
7469
7554
8530
7256
7063
7814
7973
8183
7683
7433
7183
7149
7680
7388
7986
7710
6693
7883
7593
7299
7889
7571
7598
7249
6683
6727
7689
7465
6716
8481
7302
7297
7440
8158
6979
7388
7601
7533
7306
7566
6983
6814
6881
7231
8171
6886
6088
7128
6650
7775
7116
7139
7088
7720
7291
7578
7421
7589
6720
7353
7555
7170
7760
7093
7772
7511
7343
7670
7806
7401
7378
7671
6934
6938
7222
6711
6797
7678
7861
8147
7016
7993
7176
7475
8615
7099
7955
7230
6868
7296
6746
7805
7531
7209
7828
7216
7257
7047
7635
6302
7577
7034
7095
6676
8612
7278
7616
7517
7128
6990
8079
7559
7585
6698
7339
7244
7727
6646
8232
7108
7252
7470
7051
7961
7150
7407
7499
7053
7277
7451
7148
7818
7523
7616
7017
7844
7355
7509
6876
7020
6790
7211
7928
7097
7254
7248
7499
6723
7412
7175
7420
7273
6572
6797
6972
7524
6855
6925
7721
8185
6950
7180
7220
7714
7799
7156
7006
7361
8192
7182
7086
7607
7045
7269
6658
7635
8117
7051
8012
7538
6664
7490
7485
7374
7634
7767
8520
7645
7427
7441
7131
7607
7613
7717
7258
7609
6297
7974
7351
6942
7820
7413
7460
7951
7641
7309
7467
7542
7504
7372
7613
7811
7166
6949
7809
8085
7486
8070
7092
8316
8302
8221
6957
8011
6641
7603
7240
8016
7614
7650
8042
8226
7408
7813
6777
7611
7606
7650
7504
7626
7885
7211
7614
7780
7870
7753
8103
7546
7535
8087
7589
7276
8030
7619
7210
7583
7451
7216
7735
7951
8424
8415
8424
7797
7546
7333
8118
6930
7915
7811
7779
8086
7984
7799
8048
6729
7271
7738
7467
7899
7901
7339
7515
7347
7962
8315
7189
7804
7238
7976
7456
7507
7700
7743
6918
7138
7679
7357
7781
7212
7583
7800
7365
7595
7471
7891
7172
7207
7377
7116
7434
7861
7784
7131
6772
7022
7618
6896
7200
7521
6802
7394
7615
7472
7190
7270
8270
7379
7063
7916
8162
7580
6963
7024
7348
7076
7556
7786
7562
7846
8277
7349
7350
7518
7921
7580
7450
7549
7892
7086
6685
7491
7656
7254
8059
7829
7141
7511
7256
7658
7923
8011
7827
7583
7616
8131
7713
7493
8254
7789
7592
7773
7581
7517
7266
7445
7848
7322
7530
7623
7221
7315
7151
7740
7348
7619
7720
7237
7925
8290
7635
8054
7578
7659
7699
7403
7686
7529
7637
7818
7162
8295
7176
7802
7796
8093
7687
7461
7699
7660
7572
7213
7498
7212
7546
7613
7589
7866
7499
7747
7064
7547
7549
7007
7985
7288
8169
7215
7113
7549
7621
7221
7455
7326
7657
7752
8003
6971
7409
7216
7385
7836
7732
7848
7413
9060
7488
7605
7958
8100
6846
7647
7089
8184
7780
7619
8312
7517
7929
8057
7650
6840
7765
7717
7477
7127
7946
7559
7565
8185
7520
7608
7715
7560
7594
7430
7515
8070
7237
7783
7955
6855
8423
7891
7545
7517
7038
7160
7570
7229
7591
7194
7423
8250
7453
7678
7769
7562
8167
6573
6869
8001
7533
7745
7321
7003
7508
7366
7384
7343
8275
7888
7785
8472
7500
7591
7424
7461
7423
7555
7521
7730
7249
7477
7324
8424
7617
7662
7123
8033
7701
7546
7569
8045
7603
7560
6825
8374
7440
7465
7476
7366
7848
6977
7337
6966
7926
7376
7565
7318
6154
6200
7003
7180
7635
7149
7532
7047
7933
7615
7843
6919
7110
7398
6914
7830
8036
7913
7417
7153
6760
7654
7936
6563
7258
7944
7382
7994
7763
7842
7515
7306
7502
7151
7114
7295
8110
7086
7256
7486
7323
7672
7862
7735
7777
7812
7475
8091
7845
7320
7093
7136
8046
7734
7427
7437
6939
7671
7253
6637
7442
7793
6668
7465
7502
7683
7916
7205
7893
7004
7294
7634
7281
7289
8020
6935
7684
7586
7139
7084
7794
7589
7282
6795
7196
6923
7630
7282
7617
8393
8377
7577
7301
7847
7622
7390
7384
7145
8085
7595
7285
8331
6978
8139
8229
7497
8032
7586
7172
7265
7742
7493
7764
7321
7491
7850
7475
7088
7776
8666
6965
7974
8158
6871
8794
8559
7755
7551
6643
7518
7651
8239
6937
7522
7769
6795
6537
7007
7613
7684
7319
7774
6909
7696
7034
7045
7735
8542
7258
8073
7853
6878
7410
7307
8320
7462
7177
7125
8024
7357
7856
7081
7235
7591
7684
7424
7104
7250
7567
7934
7168
7748
7501
6905
6642
7954
7132
8328
8226
7054
7383
7530
7463
7479
7454
8058
7710
7396
7643
8007
7146
6986
7278
7503
7690
8413
6633
7644
7586
6700
7773
7558
8223
7960
7390
7622
7755
7387
7058
8294
7657
7800
7886
7146
7451
7674
7157
6548
7412
6657
7520
7156
7787
7138
7103
7104
7916
7262
6873
6969
7388
6888
7089
7448
7364
7308
7350
7289
7593
7514
7757
7554
7307
7266
7174
7701
7471
7225
7568
7548
7008
8026
7247
7315
6979
7324
7311
7436
7784
8180
7035
7069
6946
6217
7411
7613
7239
7542
6601
7932
7112
7315
7457
7964
6746
8204
7830
7432
8005
7641
7322
7902
7700
8155
7661
6903
7702
7198
7682
6843
8084
8364
7063
6856
7302
7476
8411
7962
7619
7313
7947
7868
7983
7346
8511
7190
7136
7442
7510
7852
7975
7003
7356
7281
7392
7062
7345
8000
8339
7056
7516
7803
7957
7663
8013
6737
8623
8065
7753
6806
7481
7889
6813
7494
7960
7205
7620
7885
8474
8221
6964
8673
7788
7686
7416
7094
7157
8051
8039
7643
7252
7333
7227
7437
8018
7405
7479
8178
7510
6385
8139
8165
7126
8316
7353
7988
8503
7270
7017
7547
7638
7065
7217
7760
7756
7867
7983
6922
6871
6774
8018
7864
7610
7720
7920
7801
7019
7912
8514
7852
7757
7974
7460
7768
7902
8156
8551
7810
6732
8414
7392
7476
8263
8037
7645
7644
7394
8199
7936
8276
8499
7337
8159
7556
7094
7407
7728
8000
8310
7416
8366
7075
7867
8765
7751
6735
7643
7501
7355
8002
7601
8058
8356
7655
8561
7243
7824
8128
8101
8245
7280
7785
7518
8159
7433
7452
7542
7160
7880
7766
7955
7346
8056
7286
7299
7932
7689
6697
7140
7038
7383
7657
6986
7561
8629
7553
7477
7763
6890
7634
7205
7673
7902
7490
7689
8021
7199
7597
7445
7899
7881
8103
8225
6859
7211
7237
7358
7844
7124
7175
6863
7193
7564
7304
7905
7477
7755
6818
6815
7664
7543
8023
8180
7389
7775
7628
7595
7151
6722
6555
7548
6889
6988
7935
7369
7350
7574
7002
8171
7789
7230
7628
8616
7677
8260
7705
7039
7071
7690
8035
8389
8690
8203
7155
6984
8746
8053
7236
6814
8198
7738
7176
7722
6506
7565
7581
8894
7256
7339
7197
8152
8128
7742
7167
7358
7208
7381
8493
8028
7213
7630
7778
7397
8100
7717
6430
7647
8718
6706
7870
7966
7744
7223
7888
7816
8126
7238
7686
8216
7661
7826
7270
6963
6715
7914
7311
8063
7927
8115
8206
8162
7620
7141
7342
7058
8041
7328
7003
7179
7939
7297
7556
7718
7019
8111
7229
7866
7583
8253
8225
8348
7418
7224
7562
7748
7459
7353
7366
7624
7924
7353
7610
8110
6922
7909
6667
6832
7196
7753
7292
8489
7891
8582
8345
7348
7705
7905
7433
6996
8128
8141
8128
7694
7788
7357
7684
7977
6961
7192
7301
7681
7895
7649
7863
7734
7899
7767
8273
7429
6530
7785
8126
7330
7476
7280
7635
8086
7035
7493
6705
7743
7792
8138
7733
7906
7742
8300
7215
7989
7976
7423
7891
7748
7971
7479
7328
8234
7740
7542
7538
7876
7364
7979
7662
7540
7500
7209
7515
8217
7891
7297
7187
8190
8427
6899
8041
8630
7731
7752
8440
7679
8254
7904
7982
8293
8148
7460
7357
7810
7050
7180
7874
7385
7994
7761
7767
7135
7566
7979
7617
7578
6732
7689
7211
7867
7163
7878
7975
7958
7798
7901
7643
7261
7481
6826
7916
7513
6952
7487
6918
6828
7399
7858
7937
7862
7823
8077
7109
7698
7286
8181
8544
6701
7290
7815
7163
6532
7717
6444
7122
6919
7537
7702
8096
7621
7428
8644
7693
7451
7965
7387
8000
7890
7721
6613
7707
7982
7249
8077
7681
6920
7537
8366
7620
7624
7432
7738
7577
7616
8015
7165
7576
7478
7190
7685
7594
7290
7555
7628
7558
7862
7920
7745
6537
7209
7981
8307
8186
7702
7713
7166
7694
7331
7495
8377
8078
7467
7607
7453
8301
6976
8381
7562
7754
7344
7431
7741
8009
7679
7089
7836
7347
7697
7284
7759
7076
7767
6978
7951
7535
7480
7996
7050
7518
7614
7625
7468
7310
7251
8037
7202
8105
7680
6897
7863
7548
7366
7002
7854
7526
6976
7292
7516
6821
8374
7265
7259
7556
7798
7240
7827
7987
7354
7819
7858
7453
7994
7220
7403
7389
7769
7012
7718
7113
7693
7566
8174
7475
7022
7719
7436
7477
8140
8312
7250
7128
8232
6993
7157
8208
8036
8022
7684
7393
7492
7414
7476
7826
7014
7274
7934
7890
6885
7781
8349
7856
7523
7413
7682
6466
8054
7482
8424
7057
7682
7203
7681
7458
8085
7775
7886
6992
7782
7843
7792
7016
8435
8115
7115
7674
8119
8520
7933
8501
7982
8152
6697
7585
7339
7076
7028
7106
7298
6797
7828
7477
7013
7799
7243
7808
8111
8048
7883
8179
6978
7866
7914
7897
7801
9556
6988
7947
7585
7516
7780
9116
7961
7406
7866
8650
8313
7850
7736
7618
7911
7940
7518
7863
7080
7742
7561
8579
8806
7678
7830
7758
7623
7816
7449
7838
7977
8491
7507
7212
7719
8286
8246
7766
8054
7651
8133
7781
7948
7811
7624
8596
8434
7036
7802
7807
7868
8011
8291
7917
7873
7835
7817
7640
7966
7821
7489
8176
7992
7341
6711
7487
8018
8179
7533
7888
7119
7328
7286
7147
7717
6410
7671
8135
7396
7757
7749
7873
6938
7710
8233
7259
8379
7763
8053
7739
7500
7591
7365
7816
8561
8067
7545
7133
7444
7741
7734
8100
7360
7585
7312
7959
7463
7842
7774
7135
8494
7779
7804
6922
6768
7582
7672
7954
6944
7801
8045
8185
7103
7395
7908
8545
6744
7105
8686
7543
8232
7835
7866
8366
7511
7789
8048
7845
7775
7462
7754
7390
7590
7507
7449
7443
7835
7188
7635
7187
7506
7763
7832
7727
8388
8119
7438
7626
8452
7356
7156
7671
8117
7580
7255
7960
7975
7166
8103
7569
6757
7575
7437
7137
7439
7674
8275
8239
7370
7242
7973
7411
7549
7815
7368
6708
7695
7593
7756
7598
6523
7996
7723
8164
8178
7537
7123
7338
7440
7761
7213
6689
7593
7517
8191
7475
8136
7143
6986
7818
6969
8571
8233
7845
7661
7664
7159
7908
8201
7438
7153
7615
7515
7369
8165
7606
7760
7835
7391
6936
8413
7610
7345
7269
6986
7230
7558
7983
7730
7498
7372
7614
7864
7543
7364
7713
7364
7756
7553
7155
7294
7437
7911
8407
8377
8115
8269
7157
6773
7165
7175
8169
7111
7352
7510
8398
7761
8522
7693
8444
8409
7162
8288
7167
8138
7798
7752
7386
7113
7705
7819
7206
7168
7656
7584
7406
7834
7686
7648
7791
8011
7104
7464
8556
8084
7559
8135
7604
7435
6556
6785
7067
7864
7727
7693
7805
8208
7825
8044
7649
7296
8256
7406
7654
7709
7931
7149
7722
7343
7616
8134
7486
8021
7743
6821
8153
7736
8367
8036
7475
7552
7296
7576
7729
7039
7744
7195
7297
7611
7964
8050
7610
7770
7385
7104
8493
7554
7679
8192
7487
7987
7126
7487
7836
7783
8201
7111
6853
8256
7361
7702
7619
7733
7960
8079
7357
7041
7542
7679
7609
8412
7594
7509
6856
7962
7803
7477
8238
7456
7450
7374
7787
8368
7566
8032
8280
7700
6709
8074
7519
7337
7326
7666
8862
7771
7829
7120
7366
8242
7664
7472
7567
7932
6992
6958
8142
7518
7293
8025
6809
7915
7444
7505
7695
7933
8273
8174
7777
7493
7476
8080
7849
6920
8051
7395
8216
7264
7793
7470
7612
7164
7834
7816
7264
7797
6942
7629
7439
7205
7115
6809
6766
7996
6919
7856
8211
7760
8161
7498
7884
7411
7527
7500
8170
8187
7341
7056
7588
7105
7118
7830
6826
7245
7769
7699
7956
7247
7446
7675
7568
7245
7429
7424
7583
7765
7867
7621
7806
7441
7652
7287
7476
7708
8721
8011
7914
8194
8364
7460
8168
8035
6609
8050
7849
7624
8089
7860
8145
7689
6967
7604
7715
7802
7578
6917
7177
7440
7807
7639
7128
8430
8299
7878
7397
8513
6839
7881
7994
8637
7061
7963
7841
7966
7918
7609
7843
7449
8519
8132
7398
7371
8057
8580
7533
7329
7217
7354
7743
8018
6860
7692
7587
7257
8055
7665
7424
7347
7657
7465
7447
8761
7058
7560
7352
7877
7659
7336
8080
7742
7779
7468
7660
8005
6798
7989
8498
8198
7300
8068
6941
7857
7808
7568
7415
7721
8052
7417
8331
7111
7906
7714
7347
8132
7934
7739
8352
7989
8343
8125
8104
7847
7356
7903
7644
7511
7800
7415
8072
7940
7360
7010
7036
7215
9351
7779
7593
7737
7633
8669
7754
7809
8061
7896
7247
7276
8382
7423
8103
7708
7536
7268
7428
7787
6398
7483
7067
7977
7819
8141
7678
7773
7230
7662
6897
7681
7736
9193
7761
8289
8637
7722
8613
8213
7944
7593
8008
9322
6830
8152
6871
7682
7683
7192
6583
6563
8904
7179
7036
7551
8793
7976
8086
8600
7786
6965
8558
7161
8458
8394
8366
7774
8265
8478
7668
8268
7321
7822
7515
7348
7777
7663
8618
8436
7395
8433
7726
7753
7391
7511
7831
8428
7931
8253
7316
7997
8433
7152
7522
7781
8179
7634
7700
7525
8400
8427
7236
7471
8224
8810
7591
7533
7326
8399
8643
7811
7991
7365
8212
7998
8230
6812
8380
8128
7311
7990
7793
8058
7858
8223
7849
7317
7517
8596
7261
8558
8224
8208
8425
8002
7793
6994
6853
8385
8713
8429
8158
8534
8041
8285
7082
7768
7639
7528
7556
7671
7936
7525
7960
9674
8611
7845
7816
7779
7707
7114
8550
8428
8722
7105
7745
7154
7808
7429
7403
7995
6990
7153
8220
7673
8341
8630
7994
8141
7363
8046
7837
6933
7270
6797
7638
7846
7895
6433
6908
7457
7875
7192
8051
7366
7101
7198
7563
8247
8275
8611
7600
6770
7132
8569
7340
7435
8115
7562
8195
8756
7636
8961
8521
7594
7625
7524
8017
7149
7135
8073
8388
6863
8198
7822
8554
7697
7563
7864
8286
7322
7853
7318
7814
8252
7905
7906
7266
8486
7867
7284
7388
8519
7920
8015
7978
7851
8134
7550
7493
8324
8192
7878
8116
8204
8883
6965
7734
7372
8056
7458
8038
7996
7324
7318
7678
8440
8735
7335
7998
8169
7691
7779
7784
8984
8053
7951
7767
7487
7299
8272
7284
7750
7657
7718
7509
7170
8485
7227
8734
7528
7399
9091
8454
8553
7895
7593
7327
8160
8504
7438
7307
7788
6906
7727
7525
7382
7423
7725
6963
9061
8711
8150
8726
8378
8030
8942
8523
8323
8555
8937
7948
7755
8215
8252
7487
8937
6980
7792
7204
7142
8355
7412
7381
7672
7836
8329
8831
8133
8412
7533
7873
6559
7745
8425
8232
7488
7951
7427
7471
8081
7976
7001
7302
7426
8282
8539
8950
7703
7213
8282
6418
7634
6853
8415
7617
8255
7718
8185
7053
7471
8327
8513
7124
7718
7855
7188
7489
7400
8006
7807
7760
6856
7390
7876
7337
9003
7116
7076
8177
7092
7167
6681
7936
7657
7860
7350
7784
7440
8585
7892
8276
8103
7064
6817
7366
8074
7719
8119
8377
9338
8522
7527
7119
7772
7887
7353
7690
7548
8510
7712
7917
8018
8328
7298
8626
7297
8436
7192
7280
7599
6877
6964
7387
8153
7436
8131
9061
8461
8661
6186
8627
7799
7611
8347
6668
7746
7972
8641
7320
7521
7742
7106
8131
7549
7919
7665
7750
6741
7013
7603
7543
8137
7974
6523
8721
7627
7685
7983
8608
7328
7374
7011
8433
7987
7530
7578
7570
8670
7332
8531
8327
7566
7153
8352
8190
7419
8205
7973
7208
7234
8779
8381
8310
7397
7659
8156
7994
8506
7898
7942
8394
7847
8097
7257
8688
8021
7195
8714
7749
7380
8194
7424
7279
7634
7814
7996
8225
7713
7189
7570
7074
8823
7435
7522
8264
8291
7691
8717
8899
8303
8578
8837
7005
7836
8003
8094
7749
7692
7672
9295
8317
7650
8183
8002
7309
9844
7784
7213
8400
7553
7886
7312
8162
6756
8502
8649
8102
9349
6314
9118
8399
7418
7237
7446
8034
8040
7490
7808
6340
7249
9025
6504
8403
8170
8176
8464
7929
7759
8553
7864
9719
8483
8798
8641
7116
7317
7666
8107
9792
7427
8112
8080
8356
8946
8478
8659
5687
8490
8954
7787
7935
8355
7730
7838
8800
8346
8456
6216
7852
8234
6578
7435
9019
7572
7022
8484
6448
8094
6685
7535
8237
8579
8498
7430
7774
8702
8268
6304
7811
6924
7011
7555
7112
9076
6730
8011
6316
6834
7449
9104
7969
7715
9136
7360
7684
7743
8087
8174
8966
7703
5589
7521
8559
6976
8317
6675
7954
6975
8682
8374
8571
8164
7741
8626
8299
7813
8277
7245
8111
8864
8721
9037
8471
8284
6068
7463
8760
7953
8209
8134
8090
8317
8767
8402
7230
8651
8647
7929
7523
7733
6773
7051
8474
7534
7663
7727
8658
6689
8571
7179
7781
7548
8366
9456
8167
7803
7688
8413
8814
8683
6975
8969
8273
7466
8472
8109
8515
8769
9608
7572
6614
7346
10333
8150
8267
8328
7288
7063
9085
8542
7847
7588
8850
7673
7671
7969
7582
8803
7309
9544
8355
9667
8881
8711
8777
7515
7906
7389
9287
8847
9082
8857
10304
9339
7708
9192
8312
8120
7061
8030
7988
7538
7996
9270
7272
7937
8106
8765
8301
7081
6415
9075
8850
8283
8082
8501
8187
8028
9319
7526
8325
8877
8242
7234
8832
7976
9446
8963
8158
8675
6677
9023
8243
9505
9323
8490
7671
8315
9396
9252
7536
10233
10965
6358
8452
7699
8722
7579
8377
9741
7867
7169
8321
8756
6574
7152
8283
7910
7955
7923
7508
7454
8100
9215
8263
7442
7075
8518
8176
7426
8851
9534
8331
7706
8701
7940
8121
7217
8251
9699
8633
9347
9060
9857
9126
7847
8470
8036
8556
9403
8712
8572
8676
8192
9246
8189
9486
8444
9624
7213
7244
8526
8269
9208
7535
8468
10068
8141
6605
7929
7351
8453
8866
8795
9219
9148
7388
7827
8957
8462
9283
8247
7766
7953
8828
7142
8402
7437
8101
8996
7841
8653
9116
9179
8832
7913
8318
9217
8507
