8714
8795
8216
8448
8842
8379
8994
9591
8892
9062
8891
8575
7895
7603
8518
8090
8643
7153
7769
7814
8068
8853
8634
8105
8809
8283
8493
9072
8079
8664
8239
7857
8094
8429
7723
8189
7625
8874
8157
9102
8138
8668
8276
8812
8084
8641
8731
8241
8879
8989
8059
7261
7951
7507
8278
9388
8232
9224
7809
8600
7367
6398
6662
6700
6730
6946
6638
7191
7096
7083
7074
6193
7606
6744
6719
6700
7052
7113
6907
7735
6522
6793
7571
7118
7342
7744
6041
7899
7212
6209
7212
6974
7634
7083
6786
7770
7291
7411
6421
7910
6846
7327
6760
6835
6702
6595
8154
6441
6560
7176
6847
7449
7290
5963
7207
7145
6546
7208
6935
6541
6573
7214
7443
7386
7186
7302
6828
7382
7209
6893
6905
7293
6318
7395
7155
7545
7960
7470
7523
6966
7317
7584
6682
7245
6970
6865
7454
7796
7158
6552
7089
7176
6962
7057
7529
7981
6800
7110
7678
7518
7129
7000
7281
7468
6849
6589
6944
6312
6445
7158
7848
7409
7693
7412
7573
6939
6786
7686
6968
7059
6709
7281
6611
6706
6990
6862
6536
6715
6575
8129
6553
7091
6530
6577
6765
7171
7521
6529
7009
6471
6842
6711
6226
6556
5910
6966
7835
6765
7590
6724
7153
7092
7129
6408
6711
6558
6860
7277
7241
6571
7530
7034
7064
7172
6459
6877
6425
6498
7225
6984
6199
7215
6925
6774
6673
6457
6766
6966
6750
6588
8595
6925
8621
7905
7994
8121
7795
7572
7421
7610
8853
7911
8415
8979
7876
8302
9149
7979
8226
7523
8217
7769
8273
7925
8805
8807
7316
7954
8015
7613
7831
8095
8614
8529
8379
8607
8777
7085
7593
7770
7731
7682
7814
8573
7927
7763
7965
7855
8205
8545
8002
8277
9022
8177
7651
7190
7393
8149
8311
8541
8296
8548
7742
6857
8157
7403
8283
8011
7320
6900
7479
7739
7331
6985
7591
7077
7074
7571
7015
7384
7730
7626
8289
8085
7268
7453
7203
7141
7251
8167
8390
7436
7435
7296
8547
8101
7812
7841
7188
6428
7317
7672
8294
7603
7274
7253
7735
8230
8937
8008
7615
8047
6854
6849
7428
7750
7320
7363
8571
7738
6455
6636
6394
6627
7205
6939
7248
6575
7446
6368
6808
7062
7091
7040
6541
6844
7027
6928
6937
7131
6568
7371
6797
6946
7384
7636
6909
6272
6807
6843
6751
6760
6478
6646
7440
6724
6770
6948
6934
7313
6634
7079
6922
6954
7217
7239
6579
7204
7439
7255
6806
6554
7495
7432
6980
6820
7130
6491
6687
7849
7650
6757
7162
7931
7103
7128
7208
6741
6670
6594
7567
7549
5990
6935
6881
7208
6844
7112
6930
6511
6874
7046
7803
7164
7327
7530
7610
7616
7829
6761
7081
7138
7504
7029
7277
6774
6805
7397
6828
7689
7325
7790
7527
7653
7445
6860
7403
6403
7105
7686
7274
7394
7196
7360
8049
7239
7759
7121
7196
6989
8029
8313
7949
7843
8866
8350
7721
8690
8392
7887
7563
8384
8397
8121
8003
7812
8853
8768
8128
7628
6317
7900
6970
8233
7041
7447
8797
8823
7471
8589
7496
8366
8346
7926
7656
8670
8174
6950
8117
7321
6766
7865
8312
7712
8135
8376
7446
7969
8519
8068
8351
8531
8254
7387
7774
7650
8167
9096
8679
8222
7870
7542
8194
6698
6674
6920
7346
7822
7223
6985
6209
7191
6741
6685
6931
7096
7240
7316
7323
7127
6876
7387
6808
7051
6380
7455
7625
7694
6597
8039
7295
7052
7097
7630
7105
6740
6946
6985
7221
6688
7539
7173
7415
7145
7286
6933
7788
7140
6980
7275
7085
6989
7493
6258
7266
7384
7519
6982
7146
7245
7327
7286
7943
6755
7342
7697
6341
7484
7477
7501
7866
7066
6647
7570
7600
7339
6916
7418
7212
7559
7942
7920
7289
7751
7753
7439
7427
8490
7537
7469
7191
6655
7450
7287
7426
7742
7494
7285
8233
8248
7638
7496
7810
7769
7027
7541
7963
7491
7659
7272
7834
7503
7582
7037
7842
7315
7901
7271
7052
7225
6883
6791
6866
6463
6970
7450
7169
7627
7098
7234
6935
6843
7339
7313
7312
7427
7605
6604
6653
7333
6968
6731
7447
7586
6931
7104
7163
6865
7205
6351
7070
6850
6513
6992
7058
7871
7504
7453
7330
7805
7546
7538
6470
7841
7413
7503
7091
7564
6959
7898
7289
7248
6601
7162
7525
7398
6680
7256
7169
6276
8082
8387
8143
8114
8647
8614
7377
7922
7775
8160
8853
7835
7264
8496
7501
8156
8996
7780
8647
8420
7646
7620
8830
8657
6825
7581
8021
7379
7893
6860
8249
8029
8062
7347
7191
7696
7512
7434
7810
7560
8437
7747
8337
7748
8252
7589
8474
8041
8039
7350
7980
7529
8009
7399
8492
7845
7694
7706
6893
6859
5952
6601
6253
6669
6590
6961
6423
6807
6646
6204
6052
6111
7055
6446
6961
6291
6734
6944
6773
7102
7430
7245
6205
5932
6776
6601
6648
6903
6566
6018
6697
6436
7077
6293
6330
6373
6766
6257
6430
6664
6827
5944
6305
6497
6543
6146
6852
6453
7440
6978
6899
6551
6296
6783
6357
6815
6618
6463
6543
6723
7838
7522
7330
7173
7430
7171
7531
7188
7112
7527
6852
7355
7114
6670
7210
7348
8655
7181
6888
7692
6956
7373
6972
7061
6629
7217
6859
6332
6896
6809
7012
6968
8128
7666
6918
6897
7785
7156
7377
7057
7078
7717
7251
7538
6623
7041
7751
7463
5578
6764
7154
7114
6942
7892
7146
8059
7912
8741
8561
7174
6827
6317
7131
6817
6334
6636
7048
6714
6987
6755
6073
6588
6416
6826
6845
6780
6355
7062
7081
6515
7115
6382
7028
6660
7086
6523
6421
6235
6689
6426
6450
6391
6703
6583
6813
6556
7231
6879
6091
6755
6784
6180
6635
6797
7415
7369
7833
7203
6751
6595
6893
6999
6775
7369
6698
7264
6291
6888
6766
6399
6830
6105
6595
6339
6674
6422
5752
6738
6542
6805
6373
6749
7051
7152
6425
6330
6170
6702
6331
6463
6694
7441
6722
6716
6970
6987
6558
6436
7430
7194
6601
7160
7231
7107
7170
7230
6943
7233
7037
6461
6420
6387
6593
6190
6641
7051
6586
6093
6440
7199
6167
6449
6930
7097
6867
6541
6736
6796
7314
7482
6660
6754
6327
6944
5925
6644
6743
6996
6486
6955
6650
6512
7187
7099
6790
6431
6367
7199
6080
6313
6333
6348
6642
7219
6599
6196
6788
6665
6218
6269
6538
6392
6480
6848
6512
7116
6636
6822
6505
6959
6324
6584
6468
5690
6256
6731
7085
6683
6248
6570
6421
6491
6624
6670
6162
6883
6386
6077
6522
6468
7070
7420
6750
7148
6996
7930
7848
7391
6951
7331
7512
6698
6874
7434
7370
7718
8199
7437
6652
7274
7439
7597
7046
7099
7503
6695
7740
7062
7579
6734
7056
7347
7254
7414
7077
7322
6808
7577
7814
7045
7489
7624
7354
7068
7554
6574
6653
6536
6714
7792
8158
7320
8034
7076
7354
7969
6418
7405
7388
7005
7207
8762
8368
7190
7948
7206
7872
7605
8056
7836
7523
7086
7499
7382
7198
7024
8077
7847
7739
8122
8188
7715
8184
8321
7362
7851
7830
7048
7341
7275
7226
8938
7573
7495
7994
7652
7007
7258
8233
6893
7009
7416
7448
7908
6943
7426
7163
7774
7789
6904
7335
8299
7587
6741
6736
8323
6299
7142
7401
7759
6704
6880
6018
5537
7079
5961
7182
5770
6368
6042
5957
6854
6445
6542
6801
7931
6806
7311
5949
6782
7066
6659
6675
6699
6591
6414
6325
7076
6142
6510
6973
6713
6875
6353
6152
6973
7291
6363
6617
6570
6286
6219
7243
6933
7404
6819
7298
6936
6410
6003
6273
6150
6335
6438
6076
6754
6876
6083
5811
6745
7883
8162
7624
7459
6842
8883
8861
7885
7845
8523
7473
8092
9156
8408
8348
8593
8427
8369
7998
8847
7825
9256
9344
9392
8398
8167
7838
8269
7450
7311
7556
8249
7981
8037
7433
8247
7672
7274
7824
8239
8456
7513
7309
7565
8265
8328
9168
8593
8262
8824
8041
8654
8235
8173
7708
8212
7868
7472
8448
8245
8354
8535
8291
8535
10031
8721
7945
7205
7309
7946
7393
8800
7941
8179
8052
7939
7365
7604
9020
7436
8075
9076
9519
9105
8332
8730
8604
8614
7632
8033
8813
8192
8498
7123
8247
7137
9476
8160
7744
8503
8859
8675
8005
8307
8658
7925
7518
8061
7518
7810
8571
8662
8964
8240
8074
7454
8952
8303
7730
9326
8055
7630
7040
8482
8108
7903
6568
7825
7587
7850
7101
7595
8444
7417
7465
7050
8287
7853
8148
7522
7938
7979
7651
8655
8126
7935
7282
8260
8167
9102
7229
7025
8142
6734
8346
8238
6881
7726
8226
8187
8331
7873
7423
7623
7911
8075
8370
7837
8141
8590
8700
8750
8517
8845
7669
7650
8350
8471
9059
7318
7630
7271
8284
7959
8463
8322
7547
7908
8624
7487
6829
8269
8259
8184
6646
7840
9047
7969
7837
8320
8326
10021
9122
7361
7504
7228
7491
7874
8307
7540
7642
8249
8439
8384
7540
8014
7856
7339
7718
6934
6137
7669
7473
7829
7739
7424
7394
7002
7188
8079
7487
6987
7310
7775
7125
7476
7220
7460
7029
6669
6901
6826
7269
6993
6743
6269
7000
6846
7026
7099
7658
6942
7703
6980
7850
6546
6964
6873
6476
7361
7356
6707
6756
7126
7557
6790
7022
6711
6958
6749
7076
6644
7024
7165
7174
7843
6714
7781
7391
6587
7037
6860
7294
6609
6709
7993
7083
7153
6152
7250
7393
6904
6650
6694
6933
7183
7150
6558
6490
6646
7046
7565
7550
7570
7457
7804
7812
7518
7562
6814
7769
8221
6991
7228
7446
7941
8006
6765
7365
7721
7353
6867
6814
7805
7800
7605
8175
8153
7524
7948
8136
7643
7069
7733
7094
7528
7418
7233
8212
7140
7897
7838
7637
6919
7203
7281
7473
7232
7666
7495
7909
6892
7055
7233
7099
7011
7869
7167
7146
7580
6958
6756
7842
8849
6853
7775
7453
7797
7508
6909
7490
6688
6932
7820
7436
6848
6444
7363
7538
7958
7828
8371
8543
7792
7802
8250
7234
7638
7615
7187
7756
7044
7482
8001
7650
7853
7641
8051
8100
7092
7678
8238
8423
7300
7238
6311
6321
7923
7309
6564
7414
7956
7171
7745
7355
7546
7195
7185
6984
8069
7413
8337
7256
7184
6562
7129
6918
7338
6975
7693
6499
6259
7089
6591
7769
6887
7828
7076
8056
7072
6668
6988
6936
7771
7831
7572
6681
6910
7607
7108
6876
7292
6815
6563
6744
6668
6480
6537
6610
6616
7023
6073
7694
6877
6799
8273
7248
6492
7118
6629
7336
6677
6864
6927
6827
6582
7266
7398
6414
7416
7230
7577
7622
7161
6594
7508
7315
8076
8209
7287
9336
8203
8556
7668
8305
7405
7788
7527
7677
8328
7896
8185
8201
8554
9375
8966
8649
8542
8794
8622
8594
8295
7345
7968
8788
8111
7272
8140
7782
8470
7553
7791
7988
8941
9167
8147
8992
7811
7182
8417
8382
7766
7395
7843
8800
8483
8750
8382
7764
9111
6690
6864
7098
6837
6983
6513
6764
7350
6916
6366
6483
6869
6956
6688
7346
6764
6649
6867
6573
7481
6708
7013
6700
7331
6760
6883
6837
7545
6752
6923
6492
7054
7044
7090
6609
7059
7483
7075
6825
7122
6669
6928
6616
6771
6939
7160
7000
6882
7143
7181
7498
7102
6965
7577
7045
6967
7256
7451
7024
7297
7585
7713
6145
6376
7780
6997
7010
8978
7022
6928
7172
7202
7723
6604
6706
7233
7422
7828
8245
7218
7487
6870
7714
7068
6979
7652
7797
7664
7411
8039
7787
6553
6473
7116
7145
7737
7699
7094
7038
7233
6926
7858
7311
7853
6807
7285
7482
7974
8402
8289
7897
6245
7285
6900
6944
7791
8069
6721
7470
7649
7634
6803
8863
8041
7950
7502
8303
7191
7112
7392
7641
7753
7414
8051
8226
7897
7953
7915
7923
7718
6822
7218
7784
7844
7422
7599
8214
8203
7058
7005
7250
7609
7686
7566
7576
7749
7399
7584
6638
7326
6892
7211
7113
7935
8244
7582
8093
7593
8513
8197
7665
8733
7222
7579
8064
8210
7005
7671
7417
6977
8417
8611
7944
7655
7422
7658
7206
8153
8181
8438
8447
8514
8780
8251
8976
8670
6762
7978
7766
7504
7382
7767
8986
7578
7415
8279
7385
7714
8943
8278
7320
7990
8102
6825
6755
7341
7819
8006
7976
7804
7314
7573
7664
7959
8265
8069
7820
8072
8150
7346
8008
7395
8641
7915
8383
6224
7027
7022
7579
7661
7330
7014
6542
7489
6451
7265
6921
7466
7376
6445
6453
7300
7804
7041
7481
6850
7500
6744
6717
6657
6497
7574
7461
7056
7855
7084
7431
7269
7459
6718
7440
7224
6559
7155
7092
6600
6988
6561
6067
6749
7313
6602
6837
6638
7328
6914
6662
6667
7320
6814
6493
6735
6814
6587
7083
7006
7113
6828
7213
6654
7373
7146
6943
7578
7882
7242
7418
7719
7450
6314
7129
8093
8848
7697
7812
8448
8356
7831
7442
7785
8599
8420
7957
7578
8667
8592
7383
7130
7470
7633
7626
8397
7189
8558
8300
8908
8091
7792
8585
8027
8266
8084
8613
8162
8703
8650
8537
8214
6885
7845
7459
7806
8082
8864
7554
8569
8975
7626
7816
8539
7872
7935
7155
8282
7403
8035
7518
7475
7257
7695
7083
7231
6389
6862
6773
7435
7285
7347
7683
7246
7758
7767
7436
8105
7219
7260
7313
7165
7771
7082
7535
7629
7161
7466
7473
8173
7561
7092
6872
7867
7203
7605
7189
7171
7453
7466
7560
7176
7016
8113
7707
7550
7672
7259
6889
6737
7198
7303
7389
7065
6503
6533
7515
6900
7205
6938
6773
7698
6659
7023
6849
6952
6482
7952
7927
7206
7428
6369
7420
7378
6616
7024
7359
6581
6609
6783
7171
6864
6549
6627
7101
7588
7420
6890
6665
6752
7237
6141
6776
7221
7014
6864
7386
7027
5929
6618
5974
6926
7290
7061
6945
6953
7426
6514
7390
6861
6354
6788
6965
6880
7201
8199
7432
8216
7761
7767
6873
8522
8529
7739
8654
9007
8917
7962
8592
8568
8067
8530
8325
7686
8240
9478
8719
8202
7527
8061
7828
7426
8131
8333
8084
7885
8782
8060
8531
8704
8205
8631
7446
8202
6992
8543
7412
7916
7690
7046
8359
8567
7926
8331
7865
8566
7906
8492
8028
7740
7712
7453
7603
7666
9258
8536
9294
8168
7654
8598
8908
8509
7290
7771
9306
7704
7672
7980
7887
7364
6460
6969
7169
7554
8938
8255
7067
8069
9788
8151
7930
7813
8319
7398
7993
8953
7694
7752
8601
8097
7700
7789
8179
8072
6996
7398
9406
7744
7144
7391
7762
8588
8385
8251
7184
6692
8515
7847
7783
7527
8780
7098
8549
7595
8090
7591
8113
7563
7715
8174
8305
8093
7960
8915
7796
8092
7299
7919
7537
8296
8603
8757
7049
8647
8287
8135
8678
7669
8657
8320
8353
7974
9241
8368
8283
7308
7552
7658
8048
8309
8626
8508
8081
8237
7831
8196
8539
8256
7938
8442
8505
7350
7875
8450
8211
7635
7908
8727
7708
8119
7320
7828
7829
8188
6924
7139
7071
6455
6989
6621
6007
6438
6402
6902
7371
7172
6731
7130
6811
7641
7295
7209
6796
6482
6616
6933
6355
6164
6755
6686
6680
7243
6530
6822
7024
6300
6396
6980
6862
6595
6855
6819
6997
6936
6588
6968
5851
6957
6868
7008
7015
6962
6316
6892
6538
6461
6148
6820
6791
7358
7156
7320
6376
6693
8493
8303
8578
8131
8401
8520
7701
7859
7859
7576
8258
7906
8508
8531
7828
7905
7499
7522
8334
8314
8117
8399
8146
7837
8405
6837
7104
7568
7262
7461
8308
8219
8013
7590
8662
7103
9552
7948
9075
7706
8574
8489
8216
8254
8507
7982
8830
8134
8472
7915
8028
7588
7865
8529
8747
8868
8234
7853
8117
8341
7706
7577
7823
8888
7990
7694
7326
6898
7473
7446
8238
8596
8190
8581
7436
7378
7705
8629
8787
8484
7906
7951
8133
7800
8552
7351
8898
8305
7816
7541
8050
8794
7647
8045
7571
6722
7403
8190
8142
7944
8229
8280
7626
8428
7379
8172
8365
7606
7708
7261
7431
8711
8442
8716
8981
8062
7629
7458
9142
9396
6656
6187
6429
6145
6398
7303
6256
6371
6688
6881
7200
5864
6011
5759
6557
6292
6385
6968
7646
6839
6221
6868
6439
6832
5830
7029
6952
6908
6807
6330
6166
6367
6438
6881
6714
6416
7175
6408
6710
5980
6100
6249
6444
7194
6697
6612
6473
6817
6605
6963
6710
6745
6386
6957
6488
6612
6366
6389
6719
6899
8237
7315
7452
7249
8233
6864
6937
6829
7383
6930
6725
6980
7797
8389
7643
6299
7322
6720
7685
7202
7373
7058
6821
7997
7925
7349
7632
7283
7722
7600
7566
7592
6750
7629
7889
7470
6326
7415
7731
7761
7730
6829
8253
7575
7957
7863
6957
7990
7959
7561
7715
7678
7948
7391
7739
7375
8342
8243
9162
7706
8097
8322
8728
8124
7535
7592
7846
7390
7866
7378
8185
8394
7453
7760
7497
8051
6808
7671
8304
8007
7513
7244
7435
8722
7776
7875
8028
7433
8301
7138
7047
7555
7111
7725
7447
7823
7576
7687
7775
7989
7789
8525
7463
8209
6341
6889
7598
7365
7393
7865
7114
6748
8027
8537
7805
8166
7430
6564
7299
7025
6388
6743
7192
6584
6473
6612
6663
6348
6997
7088
6896
6994
6922
6259
6610
6220
6459
6568
6936
7425
7283
7576
7611
6267
7089
6960
6579
6888
6822
7130
6707
6440
7834
6769
6584
6704
6724
6637
6849
6782
6216
7267
5729
5912
6451
6736
7286
6570
6302
6455
6930
7455
7101
6794
6940
6968
7336
6873
7651
6685
8522
8728
8304
8293
7886
8716
8280
7868
8683
8037
7916
8745
8335
8722
7748
8294
8485
8547
8172
8329
7746
8916
8321
8651
8387
8218
9447
7791
8747
8170
8063
8748
8886
8526
7951
7528
7505
7942
8187
8503
7978
7209
7870
8334
8400
8774
9010
8610
8137
7983
8998
7930
7570
7912
8229
8148
8220
8222
8324
8028
7743
8775
8414
7837
8932
7909
9661
7805
7542
7441
7667
7450
7405
7765
9045
8267
7495
8301
8475
8195
7887
8188
8193
9129
8822
7641
8070
9321
8138
9158
8509
8119
9058
8619
7396
7625
7421
8179
7282
8228
7802
8056
9101
8273
8735
7669
9215
8464
7924
9395
8126
8031
7876
7694
7178
7227
7521
8145
8634
7041
8130
8868
8502
7133
8389
8114
8255
8278
8187
9405
8731
8187
7910
7795
8261
7786
7346
8040
7624
8250
8694
7600
7108
8199
8361
8702
8532
8021
8680
7985
8274
8354
7473
8336
6942
7302
7287
7511
7820
7273
7974
8639
8886
8985
8999
8552
8376
9021
8325
7629
8106
8602
7667
7927
7799
8941
9056
8908
7948
8603
8386
8966
8321
8503
7885
7617
8412
7592
8153
8694
7839
7877
7795
8091
7082
6100
7743
7983
8179
7389
7754
8135
7555
8170
7667
7629
6990
6748
7145
7659
7744
7946
7111
7834
7406
8181
7721
6471
7766
8703
8384
8490
7599
7533
7815
8252
8728
8620
7868
6860
7243
7728
7199
6971
7948
6998
6702
7744
6702
8375
6934
7451
7148
6983
7472
7479
6644
7872
7608
6571
7399
7611
8145
7784
6332
7108
7450
6903
7153
7770
7039
8374
7397
7293
7305
7195
7331
7832
6938
7573
7973
6662
7536
7124
6685
6884
7629
7228
7744
7539
8354
7064
7018
8516
6897
6728
7069
8025
8545
8631
7690
8088
7438
7309
8185
7019
7403
7560
6862
7518
8715
9956
8788
8713
8806
7886
9362
8308
8841
8156
8779
8535
9049
8319
7638
8818
7960
8252
8048
9006
8379
7665
8362
8241
8417
7802
8307
8809
8351
8528
7569
8773
8563
8697
8529
7228
7178
9699
8773
9184
8976
7889
7534
7985
7777
8527
8948
8529
8600
7893
8384
7985
8315
9318
7913
7729
7588
8136
7140
8228
8145
8323
7283
8405
8037
8224
7920
7121
8337
8353
8096
7768
8191
9513
8341
7329
7036
7772
7262
8928
8009
7513
7699
8240
7992
7316
7427
7793
8396
8783
7727
8166
6892
6802
8137
7699
6961
8610
8512
8755
8471
8239
7401
7973
7806
7950
7753
7778
6961
7658
7749
8659
7961
7236
9037
8512
8575
8865
8274
8494
7008
7254
6987
7025
6776
7537
7022
7025
7064
7495
6626
6997
6843
6358
6947
6833
7363
5741
6719
7193
7305
7341
6787
7117
6982
6942
6771
6881
6454
7294
6579
7076
6465
7648
7202
6862
6822
7167
7054
6959
7198
6458
7583
6304
6968
6458
7471
6738
6864
7069
6960
6478
6776
6723
6687
6574
7262
6280
7150
6862
8105
7597
7440
8773
8691
7827
8106
7532
8384
8401
7856
8104
9272
7899
8950
8924
8089
7868
6972
8047
8018
8094
8688
8402
8151
7348
7719
7750
8763
8280
9080
9177
8706
8502
7923
8106
8798
8381
8073
7418
8159
9039
8474
7941
7671
8499
9181
7206
7537
8365
7821
8278
7780
7791
7876
7422
7782
8443
7785
6759
6679
6934
7923
7860
7717
7762
8802
8097
7363
7763
6964
7047
7487
6976
6214
7792
7488
7901
7868
8965
8884
7672
7285
8900
8275
8470
6865
7037
7438
7376
7851
7514
7260
7230
8669
7888
6946
7005
7443
7488
8530
8424
6774
7790
7297
7266
7365
8033
7044
8848
7542
6815
8374
7416
6813
8419
7760
7109
7688
7557
8679
8789
7651
8722
8644
7953
8699
6403
7471
7087
8002
8267
7914
7863
8481
7624
7627
8614
8619
8744
8807
7712
8492
8682
7136
6869
8677
8120
7493
9153
8438
7974
6788
6795
7497
7358
6631
7705
8164
8033
7166
6519
7044
8086
8421
8700
7849
7480
7022
7528
8768
8288
8907
7352
7749
6770
7312
6966
7456
8233
6948
7277
7502
7702
6604
7469
6767
6960
7541
7084
6951
7556
7930
7374
8758
7387
7472
6990
7458
7173
7298
6999
8079
8078
6710
8428
7479
6433
7540
7408
6768
7856
6851
8071
7163
7866
8218
7608
8126
7966
6914
6876
7324
5684
8246
6960
6184
7388
7831
8121
7820
6380
8172
7698
8380
8104
7251
7633
6649
8216
7658
7597
7268
7145
8304
7063
7038
7082
7707
6719
7569
7074
7250
7303
6916
7641
7489
8463
7616
6285
6878
6727
7578
6295
7360
6658
7014
7717
8038
7780
7473
6473
7180
6868
7075
7597
7592
7183
6806
7300
7391
6873
8149
7753
8161
7063
6730
7105
7178
7021
7039
8084
7708
7342
6941
7438
7008
7154
7650
7141
7740
6306
7562
8214
8840
7178
8058
7312
7949
8123
7623
7395
7691
6599
7414
6574
6854
7002
8005
7947
6791
6513
7524
7780
7070
8109
8797
8976
8883
6725
8068
8194
8524
7797
7541
7449
7257
7459
7538
7150
8405
7809
6920
6031
7914
7980
7096
7463
7286
6431
6678
7231
6747
6208
8010
9076
7738
6468
6546
8025
6266
7659
7723
7763
6660
7744
7488
7580
8223
7226
6157
7671
6933
6238
6501
6709
8113
7232
7027
7919
6918
6626
7165
6814
6431
7015
7905
6720
5759
5952
6095
6395
7177
7359
7961
6961
8413
6575
7232
7025
6856
6942
7031
6897
6878
7105
6433
6538
7924
6575
6075
5511
5800
6622
6500
6705
6804
5776
7596
6593
9033
8143
8772
7898
9418
8822
7781
7474
6607
8344
9208
9171
8021
8439
8708
9500
8234
8950
7991
7472
7757
8577
7705
9317
8952
9702
9068
8606
7696
8709
8769
7508
8574
7789
7304
8622
8619
8645
9545
8134
7757
9023
7598
7845
7772
8766
9142
8573
7705
9612
9913
9362
10432
8587
9138
9354
9698
7189
9868
9631
9073
10068
9023
9370
8389
9405
8562
8252
8476
8704
9480
9341
9477
9235
8662
9599
10004
8652
8058
8342
8022
8516
7455
6833
8462
9044
7576
8221
7966
7283
9240
10170
8915
9043
7918
7947
9187
7998
8474
8238
8533
7823
7666
9526
8083
7986
8720
7155
7904
7788
8272
8490
7491
7661
8524
7987
8228
8952
8714
7592
7521
6139
6660
6645
7206
7169
6725
6966
7259
7358
7286
7420
7333
6970
8068
7649
8207
7954
7203
7925
6322
6333
7037
6578
6631
6145
7670
6841
7570
6975
7391
8572
7437
7028
7865
8434
6742
8360
8397
7134
7903
7786
7677
6880
7816
7621
6745
6723
8144
7281
7322
6699
7785
7240
7080
6662
7680
7704
7987
7289
7171
8586
7886
8312
8798
7827
9022
9088
6242
8196
7278
7350
7303
9177
7536
7133
6469
7707
8641
7303
8659
7307
7390
7361
7608
8251
7615
7412
8043
7987
7366
8652
8570
7316
9122
9240
7147
7073
6500
6662
6782
8767
8365
7686
8299
7890
8238
8932
7274
9396
8726
7042
7706
7359
6618
7299
7611
7885
7008
7870
7475
8959
7002
7200
6997
7760
7359
7409
6602
7016
7988
8863
8822
8420
7206
5758
8438
7724
6650
7117
7231
8630
7285
7521
6960
5913
8094
8099
6351
7106
7657
7990
6715
6163
7150
7340
7514
5509
7759
8735
8181
6519
7127
6796
6710
7664
8092
8040
6984
6761
7624
7355
6707
7070
7254
6782
7581
7937
6378
7030
6783
8629
5954
7335
10590
8383
8480
7781
8413
6138
8441
8172
8172
7543
8061
8092
6627
8318
9650
8245
7969
8257
7326
7990
8383
9555
7138
6016
6715
6909
6900
6894
8724
7949
6500
7029
6498
7468
8294
7188
9046
8065
7231
8162
7854
8311
8665
7136
7816
7706
7730
8449
9074
7367
9232
7426
8057
7846
7336
8917
8455
8915
8377
9659
9225
8539
9343
9740
8976
8978
8414
9117
9423
8666
9035
8825
7592
10047
9439
8353
7347
8898
7414
9128
8473
9371
7330
7139
9087
9699
9971
7763
8348
8456
7643
7127
7040
8438
6989
7635
7423
7689
8189
10239
9716
9405
8893
10434
8791
8503
9085
8401
7957
8942
9123
9210
9253
7836
7178
8826
8132
9480
9081
9145
7911
6830
8158
7223
6877
8321
7540
8235
7687
8884
8977
7390
8860
6563
8641
8249
7952
8926
7535
7817
7858
7948
6567
6812
7553
7683
7442
8162
6518
7213
7486
7709
7114
7442
8445
5683
7364
7060
7220
8206
7440
7067
9223
8114
7424
7241
6931
6739
9324
7327
7959
8574
8545
7941
7091
7572
